0.000000   6.000000   2.000000  
0.012500   6.073941   2.052255  
0.025000   6.146669   2.106858  
0.037500   6.218024   2.163904  
0.050000   6.287839   2.223491  
0.062500   6.355939   2.285719  
0.075000   6.422139   2.350688  
0.087500   6.486252   2.418501  
0.100000   6.548080   2.489259  
0.112500   6.607420   2.563066  
0.125000   6.664063   2.640024  
0.137500   6.717796   2.720233  
0.150000   6.768398   2.803793  
0.162500   6.815648   2.890800  
0.175000   6.859318   2.981346  
0.187500   6.899182   3.075518  
0.200000   6.935010   3.173397  
0.212500   6.966575   3.275059  
0.225000   6.993650   3.380567  
0.237500   7.016015   3.489978  
0.250000   7.033452   3.603336  
0.262500   7.045752   3.720671  
0.275000   7.052717   3.841999  
0.287500   7.054158   3.967321  
0.300000   7.049901   4.096618  
0.312500   7.039787   4.229853  
0.325000   7.023678   4.366967  
0.337500   7.001454   4.507879  
0.350000   6.973018   4.652484  
0.362500   6.938298   4.800654  
0.375000   6.897249   4.952230  
0.387500   6.849856   5.107033  
0.400000   6.796130   5.264851  
0.412500   6.736118   5.425448  
0.425000   6.669896   5.588561  
0.437500   6.597574   5.753898  
0.450000   6.519296   5.921144  
0.462500   6.435237   6.089959  
0.475000   6.345606   6.259981  
0.487500   6.250642   6.430825  
0.500000   6.150614   6.602092  
0.512500   6.045819   6.773366  
0.525000   5.936578   6.944219  
0.537500   5.823235   7.114215  
0.550000   5.706155   7.282913  
0.562500   5.585718   7.449870  
0.575000   5.462316   7.614646  
0.587500   5.336351   7.776810  
0.600000   5.208230   7.935937  
0.612500   5.078363   8.091618  
0.625000   4.947157   8.243460  
0.637500   4.815012   8.391092  
0.650000   4.682322   8.534163  
0.662500   4.549468   8.672350  
0.675000   4.416815   8.805355  
0.687500   4.284715   8.932913  
0.700000   4.153496   9.054784  
0.712500   4.023468   9.170764  
0.725000   3.894920   9.280678  
0.737500   3.768114   9.384382  
0.750000   3.643291   9.481765  
0.762500   3.520667   9.572746  
0.775000   3.400435   9.657274  
0.787500   3.282762   9.735324  
0.800000   3.167792   9.806902  
0.812500   3.055649   9.872036  
0.825000   2.946433   9.930778  
0.837500   2.840223   9.983204  
0.850000   2.737079   10.029407  
0.862500   2.637045   10.069499  
0.875000   2.540144   10.103608  
0.887500   2.446388   10.131875  
0.900000   2.355773   10.154454  
0.912500   2.268281   10.171509  
0.925000   2.183884   10.183213  
0.937500   2.102546   10.189744  
0.950000   2.024218   10.191287  
0.962500   1.948846   10.188030  
0.975000   1.876369   10.180164  
0.987500   1.806721   10.167882  
1.000000   1.739832   10.151376  
1.012500   1.675625   10.130837  
1.025000   1.614026   10.106457  
1.037500   1.554953   10.078424  
1.050000   1.498326   10.046922  
1.062500   1.444064   10.012135  
1.075000   1.392085   9.974238  
1.087500   1.342307   9.933406  
1.100000   1.294650   9.889808  
1.112500   1.249032   9.843606  
1.125000   1.205375   9.794961  
1.137500   1.163602   9.744024  
1.150000   1.123636   9.690944  
1.162500   1.085403   9.635863  
1.175000   1.048832   9.578919  
1.187500   1.013853   9.520241  
1.200000   0.980397   9.459958  
1.212500   0.948399   9.398188  
1.225000   0.917796   9.335048  
1.237500   0.888527   9.270648  
1.250000   0.860532   9.205092  
1.262500   0.833756   9.138481  
1.275000   0.808143   9.070910  
1.287500   0.783642   9.002471  
1.300000   0.760203   8.933250  
1.312500   0.737778   8.863327  
1.325000   0.716320   8.792783  
1.337500   0.695787   8.721689  
1.350000   0.676136   8.650117  
1.362500   0.657328   8.578132  
1.375000   0.639324   8.505796  
1.387500   0.622088   8.433170  
1.400000   0.605584   8.360309  
1.412500   0.589781   8.287266  
1.425000   0.574646   8.214092  
1.437500   0.560149   8.140832  
1.450000   0.546262   8.067531  
1.462500   0.532957   7.994232  
1.475000   0.520209   7.920973  
1.487500   0.507992   7.847792  
1.500000   0.496284   7.774723  
1.512500   0.485061   7.701800  
1.525000   0.474303   7.629052  
1.537500   0.463990   7.556509  
1.550000   0.454101   7.484198  
1.562500   0.444619   7.412143  
1.575000   0.435527   7.340370  
1.587500   0.426807   7.268898  
1.600000   0.418444   7.197751  
1.612500   0.410423   7.126945  
1.625000   0.402729   7.056501  
1.637500   0.395350   6.986434  
1.650000   0.388272   6.916759  
1.662500   0.381483   6.847492  
1.675000   0.374971   6.778645  
1.687500   0.368725   6.710231  
1.700000   0.362735   6.642261  
1.712500   0.356990   6.574746  
1.725000   0.351481   6.507696  
1.737500   0.346199   6.441119  
1.750000   0.341135   6.375023  
1.762500   0.336282   6.309417  
1.775000   0.331630   6.244305  
1.787500   0.327173   6.179696  
1.800000   0.322903   6.115593  
1.812500   0.318814   6.052002  
1.825000   0.314900   5.988927  
1.837500   0.311154   5.926373  
1.850000   0.307570   5.864342  
1.862500   0.304143   5.802837  
1.875000   0.300867   5.741861  
1.887500   0.297739   5.681415  
1.900000   0.294751   5.621502  
1.912500   0.291902   5.562123  
1.925000   0.289184   5.503278  
1.937500   0.286596   5.444969  
1.950000   0.284133   5.387196  
1.962500   0.281790   5.329958  
1.975000   0.279566   5.273256  
1.987500   0.277455   5.217089  
2.000000   0.275456   5.161457  
2.012500   0.273564   5.106358  
2.025000   0.271777   5.051791  
2.037500   0.270093   4.997756  
2.050000   0.268508   4.944250  
2.062500   0.267021   4.891271  
2.075000   0.265628   4.838819  
2.087500   0.264328   4.786891  
2.100000   0.263119   4.735485  
2.112500   0.261998   4.684598  
2.125000   0.260963   4.634229  
2.137500   0.260014   4.584374  
2.150000   0.259147   4.535031  
2.162500   0.258362   4.486198  
2.175000   0.257657   4.437871  
2.187500   0.257030   4.390047  
2.200000   0.256481   4.342725  
2.212500   0.256007   4.295899  
2.225000   0.255609   4.249569  
2.237500   0.255284   4.203729  
2.250000   0.255031   4.158378  
2.262500   0.254850   4.113511  
2.275000   0.254740   4.069125  
2.287500   0.254700   4.025217  
2.300000   0.254729   3.981784  
2.312500   0.254827   3.938822  
2.325000   0.254992   3.896328  
2.337500   0.255224   3.854297  
2.350000   0.255523   3.812727  
2.362500   0.255889   3.771614  
2.375000   0.256320   3.730954  
2.387500   0.256816   3.690743  
2.400000   0.257377   3.650979  
2.412500   0.258004   3.611657  
2.425000   0.258694   3.572774  
2.437500   0.259449   3.534326  
2.450000   0.260269   3.496309  
2.462500   0.261152   3.458721  
2.475000   0.262100   3.421556  
2.487500   0.263112   3.384812  
2.500000   0.264187   3.348485  
2.512500   0.265327   3.312571  
2.525000   0.266531   3.277067  
2.537500   0.267800   3.241968  
2.550000   0.269134   3.207272  
2.562500   0.270532   3.172975  
2.575000   0.271996   3.139073  
2.587500   0.273525   3.105562  
2.600000   0.275120   3.072440  
2.612500   0.276781   3.039702  
2.625000   0.278509   3.007345  
2.637500   0.280304   2.975365  
2.650000   0.282166   2.943760  
2.662500   0.284097   2.912525  
2.675000   0.286097   2.881657  
2.687500   0.288166   2.851152  
2.700000   0.290305   2.821008  
2.712500   0.292515   2.791221  
2.725000   0.294797   2.761787  
2.737500   0.297150   2.732703  
2.750000   0.299577   2.703966  
2.762500   0.302077   2.675573  
2.775000   0.304653   2.647520  
2.787500   0.307304   2.619804  
2.800000   0.310031   2.592422  
2.812500   0.312836   2.565371  
2.825000   0.315720   2.538647  
2.837500   0.318683   2.512248  
2.850000   0.321727   2.486170  
2.862500   0.324853   2.460410  
2.875000   0.328062   2.434966  
2.887500   0.331355   2.409834  
2.900000   0.334734   2.385011  
2.912500   0.338199   2.360494  
2.925000   0.341753   2.336281  
2.937500   0.345396   2.312368  
2.950000   0.349130   2.288753  
2.962500   0.352956   2.265432  
2.975000   0.356877   2.242404  
2.987500   0.360892   2.219665  
3.000000   0.365005   2.197212  
3.012500   0.369216   2.175043  
3.025000   0.373528   2.153155  
3.037500   0.377941   2.131546  
3.050000   0.382458   2.110212  
3.062500   0.387081   2.089152  
3.075000   0.391812   2.068363  
3.087500   0.396651   2.047841  
3.100000   0.401602   2.027586  
3.112500   0.406666   2.007594  
3.125000   0.411845   1.987862  
3.137500   0.417142   1.968389  
3.150000   0.422558   1.949172  
3.162500   0.428096   1.930209  
3.175000   0.433758   1.911497  
3.187500   0.439546   1.893035  
3.200000   0.445463   1.874819  
3.212500   0.451511   1.856849  
3.225000   0.457692   1.839121  
3.237500   0.464010   1.821633  
3.250000   0.470466   1.804384  
3.262500   0.477063   1.787371  
3.275000   0.483804   1.770593  
3.287500   0.490692   1.754046  
3.300000   0.497729   1.737730  
3.312500   0.504919   1.721643  
3.325000   0.512265   1.705782  
3.337500   0.519768   1.690146  
3.350000   0.527433   1.674732  
3.362500   0.535263   1.659540  
3.375000   0.543261   1.644567  
3.387500   0.551430   1.629811  
3.400000   0.559773   1.615271  
3.412500   0.568294   1.600946  
3.425000   0.576996   1.586833  
3.437500   0.585884   1.572931  
3.450000   0.594960   1.559239  
3.462500   0.604228   1.545754  
3.475000   0.613692   1.532476  
3.487500   0.623357   1.519403  
3.500000   0.633225   1.506534  
3.512500   0.643301   1.493867  
3.525000   0.653589   1.481401  
3.537500   0.664094   1.469134  
3.550000   0.674819   1.457066  
3.562500   0.685769   1.445196  
3.575000   0.696949   1.433521  
3.587500   0.708362   1.422041  
3.600000   0.720014   1.410755  
3.612500   0.731909   1.399662  
3.625000   0.744052   1.388761  
3.637500   0.756448   1.378050  
3.650000   0.769102   1.367530  
3.662500   0.782019   1.357198  
3.675000   0.795204   1.347055  
3.687500   0.808663   1.337099  
3.700000   0.822400   1.327330  
3.712500   0.836422   1.317747  
3.725000   0.850734   1.308349  
3.737500   0.865341   1.299136  
3.750000   0.880250   1.290107  
3.762500   0.895466   1.281262  
3.775000   0.910995   1.272601  
3.787500   0.926843   1.264122  
3.800000   0.943017   1.255826  
3.812500   0.959522   1.247712  
3.825000   0.976366   1.239780  
3.837500   0.993554   1.232030  
3.850000   1.011094   1.224462  
3.862500   1.028991   1.217076  
3.875000   1.047254   1.209872  
3.887500   1.065888   1.202849  
3.900000   1.084901   1.196009  
3.912500   1.104299   1.189351  
3.925000   1.124091   1.182875  
3.937500   1.144284   1.176582  
3.950000   1.164884   1.170473  
3.962500   1.185900   1.164548  
3.975000   1.207339   1.158807  
3.987500   1.229210   1.153251  
4.000000   1.251519   1.147881  
4.012500   1.274275   1.142698  
4.025000   1.297486   1.137703  
4.037500   1.321161   1.132897  
4.050000   1.345307   1.128280  
4.062500   1.369932   1.123854  
4.075000   1.395047   1.119621  
4.087500   1.420658   1.115581  
4.100000   1.446774   1.111737  
4.112500   1.473405   1.108091  
4.125000   1.500559   1.104642  
4.137500   1.528246   1.101395  
4.150000   1.556473   1.098350  
4.162500   1.585250   1.095511  
4.175000   1.614586   1.092878  
4.187500   1.644491   1.090455  
4.200000   1.674972   1.088244  
4.212500   1.706041   1.086249  
4.225000   1.737706   1.084471  
4.237500   1.769976   1.082914  
4.250000   1.802860   1.081581  
4.262500   1.836368   1.080476  
4.275000   1.870510   1.079603  
4.287500   1.905294   1.078964  
4.300000   1.940729   1.078564  
4.312500   1.976826   1.078408  
4.325000   2.013593   1.078500  
4.337500   2.051039   1.078844  
4.350000   2.089174   1.079446  
4.362500   2.128006   1.080310  
4.375000   2.167544   1.081442  
4.387500   2.207797   1.082849  
4.400000   2.248774   1.084535  
4.412500   2.290482   1.086508  
4.425000   2.332930   1.088773  
4.437500   2.376126   1.091339  
4.450000   2.420077   1.094211  
4.462500   2.464792   1.097399  
4.475000   2.510276   1.100910  
4.487500   2.556537   1.104753  
4.500000   2.603582   1.108936  
4.512500   2.651416   1.113470  
4.525000   2.700044   1.118363  
4.537500   2.749472   1.123626  
4.550000   2.799705   1.129271  
4.562500   2.850745   1.135307  
4.575000   2.902598   1.141748  
4.587500   2.955264   1.148606  
4.600000   3.008746   1.155893  
4.612500   3.063046   1.163624  
4.625000   3.118163   1.171814  
4.637500   3.174097   1.180476  
4.650000   3.230847   1.189628  
4.662500   3.288408   1.199285  
4.675000   3.346779   1.209465  
4.687500   3.405954   1.220187  
4.700000   3.465926   1.231470  
4.712500   3.526687   1.243334  
4.725000   3.588230   1.255800  
4.737500   3.650543   1.268889  
4.750000   3.713613   1.282626  
4.762500   3.777427   1.297035  
4.775000   3.841969   1.312141  
4.787500   3.907220   1.327970  
4.800000   3.973161   1.344552  
4.812500   4.039769   1.361914  
4.825000   4.107019   1.380088  
4.837500   4.174885   1.399106  
4.850000   4.243335   1.419002  
4.862500   4.312337   1.439810  
4.875000   4.381856   1.461568  
4.887500   4.451853   1.484314  
4.900000   4.522285   1.508088  
4.912500   4.593107   1.532932  
4.925000   4.664270   1.558890  
4.937500   4.735720   1.586008  
4.950000   4.807400   1.614334  
4.962500   4.879250   1.643916  
4.975000   4.951203   1.674808  
4.987500   5.023190   1.707063  
5.000000   5.095135   1.740737  
5.012500   5.166959   1.775888  
5.025000   5.238578   1.812577  
5.037500   5.309901   1.850865  
5.050000   5.380834   1.890819  
5.062500   5.451274   1.932504  
5.075000   5.521117   1.975990  
5.087500   5.590249   2.021347  
5.100000   5.658553   2.068648  
5.112500   5.725906   2.117969  
5.125000   5.792176   2.169386  
5.137500   5.857229   2.222977  
5.150000   5.920922   2.278821  
5.162500   5.983109   2.337000  
5.175000   6.043637   2.397593  
5.187500   6.102346   2.460685  
5.200000   6.159073   2.526355  
5.212500   6.213649   2.594687  
5.225000   6.265900   2.665761  
5.237500   6.315649   2.739658  
5.250000   6.362716   2.816454  
5.262500   6.406914   2.896225  
5.275000   6.448059   2.979044  
5.287500   6.485963   3.064978  
5.300000   6.520436   3.154089  
5.312500   6.551291   3.246436  
5.325000   6.578342   3.342068  
5.337500   6.601405   3.441028  
5.350000   6.620299   3.543349  
5.362500   6.634852   3.649054  
5.375000   6.644896   3.758156  
5.387500   6.650273   3.870653  
5.400000   6.650833   3.986532  
5.412500   6.646439   4.105765  
5.425000   6.636969   4.228306  
5.437500   6.622313   4.354093  
5.450000   6.602380   4.483047  
5.462500   6.577097   4.615070  
5.475000   6.546409   4.750043  
5.487500   6.510284   4.887827  
5.500000   6.468711   5.028264  
5.512500   6.421706   5.171172  
5.525000   6.369304   5.316352  
5.537500   6.311570   5.463581  
5.550000   6.248591   5.612617  
5.562500   6.180482   5.763198  
5.575000   6.107383   5.915044  
5.587500   6.029458   6.067857  
5.600000   5.946895   6.221325  
5.612500   5.859908   6.375122  
5.625000   5.768729   6.528907  
5.637500   5.673613   6.682334  
5.650000   5.574833   6.835048  
5.662500   5.472675   6.986688  
5.675000   5.367443   7.136895  
5.687500   5.259450   7.285308  
5.700000   5.149017   7.431571  
5.712500   5.036473   7.575336  
5.725000   4.922148   7.716261  
5.737500   4.806374   7.854020  
5.750000   4.689480   7.988297  
5.762500   4.571791   8.118796  
5.775000   4.453624   8.245238  
5.787500   4.335288   8.367364  
5.800000   4.217080   8.484938  
5.812500   4.099283   8.597745  
5.825000   3.982168   8.705595  
5.837500   3.865987   8.808321  
5.850000   3.750978   8.905783  
5.862500   3.637359   8.997862  
5.875000   3.525331   9.084468  
5.887500   3.415077   9.165530  
5.900000   3.306760   9.241004  
5.912500   3.200526   9.310866  
5.925000   3.096500   9.375115  
5.937500   2.994794   9.433770  
5.950000   2.895499   9.486867  
5.962500   2.798691   9.534461  
5.975000   2.704431   9.576625  
5.987500   2.612765   9.613442  
6.000000   2.523725   9.645013  
6.012500   2.437330   9.671449  
6.025000   2.353588   9.692870  
6.037500   2.272497   9.709406  
6.050000   2.194044   9.721196  
6.062500   2.118207   9.728383  
6.075000   2.044958   9.731118  
6.087500   1.974260   9.729553  
6.100000   1.906072   9.723845  
6.112500   1.840347   9.714152  
6.125000   1.777033   9.700634  
6.137500   1.716076   9.683451  
6.150000   1.657416   9.662761  
6.162500   1.600994   9.638725  
6.175000   1.546746   9.611497  
6.187500   1.494610   9.581233  
6.200000   1.444521   9.548085  
6.212500   1.396413   9.512201  
6.225000   1.350221   9.473727  
6.237500   1.305879   9.432805  
6.250000   1.263325   9.389573  
6.262500   1.222492   9.344166  
6.275000   1.183319   9.296714  
6.287500   1.145743   9.247341  
6.300000   1.109705   9.196170  
6.312500   1.075143   9.143319  
6.325000   1.042002   9.088899  
6.337500   1.010224   9.033020  
6.350000   0.979755   8.975786  
6.362500   0.950542   8.917296  
6.375000   0.922533   8.857647  
6.387500   0.895680   8.796930  
6.400000   0.869934   8.735234  
6.412500   0.845249   8.672641  
6.425000   0.821581   8.609233  
6.437500   0.798888   8.545085  
6.450000   0.777127   8.480271  
6.462500   0.756259   8.414859  
6.475000   0.736248   8.348915  
6.487500   0.717055   8.282502  
6.500000   0.698647   8.215680  
6.512500   0.680990   8.148506  
6.525000   0.664053   8.081032  
6.537500   0.647804   8.013309  
6.550000   0.632214   7.945387  
6.562500   0.617256   7.877311  
6.575000   0.602903   7.809123  
6.587500   0.589129   7.740864  
6.600000   0.575910   7.672574  
6.612500   0.563222   7.604288  
6.625000   0.551044   7.536041  
6.637500   0.539354   7.467867  
6.650000   0.528132   7.399795  
6.662500   0.517358   7.331854  
6.675000   0.507015   7.264072  
6.687500   0.497084   7.196474  
6.700000   0.487549   7.129084  
6.712500   0.478394   7.061925  
6.725000   0.469604   6.995018  
6.737500   0.461163   6.928382  
6.750000   0.453059   6.862038  
6.762500   0.445278   6.796001  
6.775000   0.437807   6.730288  
6.787500   0.430634   6.664915  
6.800000   0.423749   6.599896  
6.812500   0.417139   6.535244  
6.825000   0.410795   6.470971  
6.837500   0.404706   6.407088  
6.850000   0.398864   6.343607  
6.862500   0.393259   6.280537  
6.875000   0.387882   6.217887  
6.887500   0.382726   6.155666  
6.900000   0.377782   6.093881  
6.912500   0.373043   6.032539  
6.925000   0.368502   5.971647  
6.937500   0.364152   5.911211  
6.950000   0.359987   5.851235  
6.962500   0.356000   5.791725  
6.975000   0.352186   5.732685  
6.987500   0.348540   5.674119  
7.000000   0.345054   5.616030  
7.012500   0.341726   5.558422  
7.025000   0.338549   5.501296  
7.037500   0.335520   5.444655  
7.050000   0.332633   5.388501  
7.062500   0.329885   5.332835  
7.075000   0.327272   5.277659  
7.087500   0.324789   5.222974  
7.100000   0.322434   5.168780  
7.112500   0.320202   5.115078  
7.125000   0.318091   5.061868  
7.137500   0.316097   5.009150  
7.150000   0.314218   4.956923  
7.162500   0.312451   4.905187  
7.175000   0.310792   4.853941  
7.187500   0.309239   4.803184  
7.200000   0.307791   4.752916  
7.212500   0.306444   4.703134  
7.225000   0.305197   4.653838  
7.237500   0.304047   4.605026  
7.250000   0.302993   4.556696  
7.262500   0.302033   4.508847  
7.275000   0.301164   4.461476  
7.287500   0.300386   4.414581  
7.300000   0.299696   4.368161  
7.312500   0.299094   4.322213  
7.325000   0.298577   4.276735  
7.337500   0.298145   4.231724  
7.350000   0.297797   4.187177  
7.362500   0.297531   4.143093  
7.375000   0.297346   4.099468  
7.387500   0.297241   4.056299  
7.400000   0.297216   4.013585  
7.412500   0.297270   3.971322  
7.425000   0.297401   3.929507  
7.437500   0.297609   3.888137  
7.450000   0.297893   3.847210  
7.462500   0.298253   3.806722  
7.475000   0.298689   3.766670  
7.487500   0.299199   3.727052  
7.500000   0.299784   3.687863  
7.512500   0.300443   3.649101  
7.525000   0.301176   3.610764  
7.537500   0.301982   3.572846  
7.550000   0.302861   3.535346  
7.562500   0.303814   3.498261  
7.575000   0.304840   3.461586  
7.587500   0.305939   3.425319  
7.600000   0.307111   3.389457  
7.612500   0.308356   3.353996  
7.625000   0.309674   3.318933  
7.637500   0.311065   3.284264  
7.650000   0.312530   3.249988  
7.662500   0.314069   3.216099  
7.675000   0.315682   3.182596  
7.687500   0.317369   3.149475  
7.700000   0.319131   3.116732  
7.712500   0.320968   3.084365  
7.725000   0.322880   3.052370  
7.737500   0.324868   3.020744  
7.750000   0.326933   2.989484  
7.762500   0.329075   2.958587  
7.775000   0.331294   2.928049  
7.787500   0.333592   2.897867  
7.800000   0.335969   2.868039  
7.812500   0.338426   2.838561  
7.825000   0.340963   2.809430  
7.837500   0.343581   2.780643  
7.850000   0.346282   2.752197  
7.862500   0.349066   2.724089  
7.875000   0.351933   2.696316  
7.887500   0.354886   2.668875  
7.900000   0.357924   2.641762  
7.912500   0.361049   2.614976  
7.925000   0.364263   2.588513  
7.937500   0.367565   2.562370  
7.950000   0.370958   2.536544  
7.962500   0.374443   2.511032  
7.975000   0.378020   2.485832  
7.987500   0.381692   2.460941  
8.000000   0.385459   2.436356  
8.012500   0.389323   2.412075  
8.025000   0.393285   2.388094  
8.037500   0.397347   2.364410  
8.050000   0.401510   2.341022  
8.062500   0.405776   2.317926  
8.075000   0.410146   2.295121  
8.087500   0.414622   2.272602  
8.100000   0.419207   2.250369  
8.112500   0.423900   2.228418  
8.125000   0.428705   2.206746  
8.137500   0.433623   2.185352  
8.150000   0.438656   2.164232  
8.162500   0.443806   2.143385  
8.175000   0.449075   2.122808  
8.187500   0.454464   2.102499  
8.200000   0.459977   2.082455  
8.212500   0.465615   2.062674  
8.225000   0.471380   2.043154  
8.237500   0.477274   2.023893  
8.250000   0.483301   2.004888  
8.262500   0.489462   1.986137  
8.275000   0.495759   1.967638  
8.287500   0.502195   1.949389  
8.300000   0.508773   1.931388  
8.312500   0.515495   1.913633  
8.325000   0.522364   1.896122  
8.337500   0.529382   1.878853  
8.350000   0.536552   1.861824  
8.362500   0.543877   1.845033  
8.375000   0.551360   1.828477  
8.387500   0.559004   1.812157  
8.400000   0.566812   1.796069  
8.412500   0.574786   1.780211  
8.425000   0.582930   1.764583  
8.437500   0.591248   1.749182  
8.450000   0.599742   1.734007  
8.462500   0.608415   1.719055  
8.475000   0.617272   1.704326  
8.487500   0.626315   1.689818  
8.500000   0.635548   1.675530  
8.512500   0.644975   1.661459  
8.525000   0.654599   1.647605  
8.537500   0.664425   1.633966  
8.550000   0.674455   1.620540  
8.562500   0.684694   1.607327  
8.575000   0.695146   1.594324  
8.587500   0.705814   1.581532  
8.600000   0.716704   1.568948  
8.612500   0.727819   1.556571  
8.625000   0.739163   1.544401  
8.637500   0.750741   1.532436  
8.650000   0.762558   1.520675  
8.662500   0.774617   1.509117  
8.675000   0.786924   1.497762  
8.687500   0.799483   1.486607  
8.700000   0.812298   1.475653  
8.712500   0.825376   1.464899  
8.725000   0.838720   1.454343  
8.737500   0.852336   1.443986  
8.750000   0.866229   1.433826  
8.762500   0.880405   1.423862  
8.775000   0.894868   1.414095  
8.787500   0.909623   1.404523  
8.800000   0.924677   1.395147  
8.812500   0.940035   1.385965  
8.825000   0.955703   1.376978  
8.837500   0.971686   1.368185  
8.850000   0.987990   1.359585  
8.862500   1.004622   1.351179  
8.875000   1.021587   1.342967  
8.887500   1.038891   1.334948  
8.900000   1.056541   1.327122  
8.912500   1.074543   1.319490  
8.925000   1.092904   1.312052  
8.937500   1.111629   1.304807  
8.950000   1.130726   1.297757  
8.962500   1.150201   1.290900  
8.975000   1.170061   1.284239  
8.987500   1.190313   1.277773  
9.000000   1.210964   1.271502  
9.012500   1.232020   1.265428  
9.025000   1.253490   1.259552  
9.037500   1.275380   1.253873  
9.050000   1.297697   1.248393  
9.062500   1.320449   1.243114  
9.075000   1.343643   1.238035  
9.087500   1.367287   1.233158  
9.100000   1.391389   1.228485  
9.112500   1.415956   1.224017  
9.125000   1.440995   1.219756  
9.137500   1.466515   1.215702  
9.150000   1.492524   1.211859  
9.162500   1.519029   1.208227  
9.175000   1.546038   1.204808  
9.187500   1.573559   1.201606  
9.200000   1.601601   1.198621  
9.212500   1.630171   1.195857  
9.225000   1.659278   1.193316  
9.237500   1.688929   1.191000  
9.250000   1.719133   1.188913  
9.262500   1.749898   1.187058  
9.275000   1.781232   1.185437  
9.287500   1.813143   1.184054  
9.300000   1.845638   1.182913  
9.312500   1.878727   1.182017  
9.325000   1.912417   1.181370  
9.337500   1.946716   1.180977  
9.350000   1.981632   1.180842  
9.362500   2.017173   1.180968  
9.375000   2.053345   1.181362  
9.387500   2.090158   1.182028  
9.400000   2.127618   1.182972  
9.412500   2.165732   1.184198  
9.425000   2.204508   1.185714  
9.437500   2.243952   1.187525  
9.450000   2.284071   1.189637  
9.462500   2.324871   1.192057  
9.475000   2.366360   1.194793  
9.487500   2.408542   1.197851  
9.500000   2.451423   1.201241  
9.512500   2.495008   1.204969  
9.525000   2.539302   1.209044  
9.537500   2.584310   1.213475  
9.550000   2.630035   1.218273  
9.562500   2.676481   1.223445  
9.575000   2.723651   1.229004  
9.587500   2.771548   1.234959  
9.600000   2.820173   1.241322  
9.612500   2.869527   1.248105  
9.625000   2.919610   1.255320  
9.637500   2.970423   1.262980  
9.650000   3.021965   1.271099  
9.662500   3.074233   1.279691  
9.675000   3.127224   1.288771  
9.687500   3.180935   1.298353  
9.700000   3.235361   1.308456  
9.712500   3.290495   1.319095  
9.725000   3.346331   1.330289  
9.737500   3.402860   1.342056  
9.750000   3.460072   1.354416  
9.762500   3.517956   1.367389  
9.775000   3.576499   1.380996  
9.787500   3.635686   1.395259  
9.800000   3.695503   1.410203  
9.812500   3.755930   1.425851  
9.825000   3.816948   1.442229  
9.837500   3.878535   1.459363  
9.850000   3.940667   1.477282  
9.862500   4.003319   1.496013  
9.875000   4.066461   1.515587  
9.887500   4.130063   1.536036  
9.900000   4.194092   1.557393  
9.912500   4.258510   1.579691  
9.925000   4.323279   1.602967  
9.937500   4.388357   1.627258  
9.950000   4.453698   1.652601  
9.962500   4.519254   1.679038  
9.975000   4.584974   1.706611  
9.987500   4.650801   1.735361  
10.000000   4.716678   1.765335  
10.012500   4.782540   1.796579  
10.025000   4.848321   1.829142  
10.037500   4.913951   1.863072  
10.050000   4.979354   1.898423  
10.062500   5.044452   1.935246  
10.075000   5.109159   1.973598  
10.087500   5.173389   2.013534  
10.100000   5.237048   2.055112  
10.112500   5.300040   2.098392  
10.125000   5.362261   2.143434  
10.137500   5.423605   2.190301  
10.150000   5.483961   2.239056  
10.162500   5.543212   2.289763  
10.175000   5.601238   2.342487  
10.187500   5.657913   2.397294  
10.200000   5.713107   2.454250  
10.212500   5.766686   2.513420  
10.225000   5.818512   2.574871  
10.237500   5.868443   2.638668  
10.250000   5.916333   2.704876  
10.262500   5.962033   2.773557  
10.275000   6.005394   2.844772  
10.287500   6.046259   2.918580  
10.300000   6.084476   2.995038  
10.312500   6.119888   3.074196  
10.325000   6.152337   3.156104  
10.337500   6.181669   3.240803  
10.350000   6.207729   3.328333  
10.362500   6.230364   3.418723  
10.375000   6.249425   3.511998  
10.387500   6.264766   3.608173  
10.400000   6.276250   3.707255  
10.412500   6.283742   3.809242  
10.425000   6.287116   3.914119  
10.437500   6.286258   4.021861  
10.450000   6.281059   4.132430  
10.462500   6.271425   4.245778  
10.475000   6.257275   4.361837  
10.487500   6.238538   4.480530  
10.500000   6.215163   4.601763  
10.512500   6.187111   4.725424  
10.525000   6.154363   4.851390  
10.537500   6.116915   4.979516  
10.550000   6.074785   5.109646  
10.562500   6.028007   5.241603  
10.575000   5.976638   5.375198  
10.587500   5.920753   5.510225  
10.600000   5.860447   5.646461  
10.612500   5.795835   5.783673  
10.625000   5.727053   5.921612  
10.637500   5.654253   6.060017  
10.650000   5.577609   6.198618  
10.662500   5.497310   6.337137  
10.675000   5.413559   6.475285  
10.687500   5.326577   6.612772  
10.700000   5.236596   6.749302  
10.712500   5.143859   6.884578  
10.725000   5.048620   7.018303  
10.737500   4.951139   7.150186  
10.750000   4.851681   7.279936  
10.762500   4.750517   7.407273  
10.775000   4.647916   7.531922  
10.787500   4.544150   7.653622  
10.800000   4.439486   7.772122  
10.812500   4.334187   7.887185  
10.825000   4.228512   7.998591  
10.837500   4.122709   8.106135  
10.850000   4.017021   8.209629  
10.862500   3.911677   8.308903  
10.875000   3.806896   8.403808  
10.887500   3.702887   8.494213  
10.900000   3.599841   8.580004  
10.912500   3.497940   8.661091  
10.925000   3.397349   8.737398  
10.937500   3.298219   8.808872  
10.950000   3.200689   8.875477  
10.962500   3.104880   8.937193  
10.975000   3.010902   8.994018  
10.987500   2.918849   9.045968  
11.000000   2.828804   9.093070  
11.012500   2.740834   9.135369  
11.025000   2.654996   9.172921  
11.037500   2.571335   9.205793  
11.050000   2.489883   9.234066  
11.062500   2.410665   9.257828  
11.075000   2.333695   9.277177  
11.087500   2.258976   9.292217  
11.100000   2.186506   9.303062  
11.112500   2.116275   9.309827  
11.125000   2.048264   9.312637  
11.137500   1.982452   9.311616  
11.150000   1.918809   9.306893  
11.162500   1.857302   9.298600  
11.175000   1.797894   9.286870  
11.187500   1.740545   9.271834  
11.200000   1.685211   9.253629  
11.212500   1.631845   9.232385  
11.225000   1.580401   9.208237  
11.237500   1.530828   9.181314  
11.250000   1.483075   9.151747  
11.262500   1.437091   9.119663  
11.275000   1.392824   9.085186  
11.287500   1.350221   9.048439  
11.300000   1.309229   9.009542  
11.312500   1.269797   8.968612  
11.325000   1.231873   8.925761  
11.337500   1.195405   8.881100  
11.350000   1.160343   8.834737  
11.362500   1.126637   8.786774  
11.375000   1.094238   8.737312  
11.387500   1.063100   8.686448  
11.400000   1.033175   8.634274  
11.412500   1.004418   8.580880  
11.425000   0.976785   8.526353  
11.437500   0.950233   8.470775  
11.450000   0.924721   8.414227  
11.462500   0.900208   8.356785  
11.475000   0.876656   8.298522  
11.487500   0.854027   8.239507  
11.500000   0.832285   8.179809  
11.512500   0.811394   8.119491  
11.525000   0.791321   8.058614  
11.537500   0.772033   7.997237  
11.550000   0.753500   7.935415  
11.562500   0.735691   7.873201  
11.575000   0.718577   7.810647  
11.587500   0.702130   7.747799  
11.600000   0.686325   7.684704  
11.612500   0.671134   7.621405  
11.625000   0.656535   7.557944  
11.637500   0.642503   7.494359  
11.650000   0.629016   7.430688  
11.662500   0.616052   7.366966  
11.675000   0.603590   7.303227  
11.687500   0.591612   7.239501  
11.700000   0.580098   7.175820  
11.712500   0.569029   7.112211  
11.725000   0.558390   7.048702  
11.737500   0.548162   6.985317  
11.750000   0.538330   6.922081  
11.762500   0.528880   6.859016  
11.775000   0.519796   6.796143  
11.787500   0.511065   6.733482  
11.800000   0.502673   6.671052  
11.812500   0.494608   6.608872  
11.825000   0.486858   6.546956  
11.837500   0.479411   6.485322  
11.850000   0.472257   6.423983  
11.862500   0.465384   6.362954  
11.875000   0.458782   6.302247  
11.887500   0.452443   6.241874  
11.900000   0.446356   6.181846  
11.912500   0.440513   6.122175  
11.925000   0.434906   6.062869  
11.937500   0.429526   6.003938  
11.950000   0.424367   5.945389  
11.962500   0.419420   5.887231  
11.975000   0.414678   5.829471  
11.987500   0.410136   5.772116  
12.000000   0.405786   5.715171  
12.012500   0.401622   5.658642  
12.025000   0.397639   5.602534  
12.037500   0.393832   5.546852  
12.050000   0.390194   5.491599  
12.062500   0.386722   5.436780  
12.075000   0.383409   5.382398  
12.087500   0.380252   5.328456  
12.100000   0.377246   5.274956  
12.112500   0.374387   5.221901  
12.125000   0.371670   5.169292  
12.137500   0.369093   5.117132  
12.150000   0.366652   5.065422  
12.162500   0.364342   5.014163  
12.175000   0.362162   4.963355  
12.187500   0.360107   4.913000  
12.200000   0.358175   4.863098  
12.212500   0.356363   4.813648  
12.225000   0.354668   4.764651  
12.237500   0.353087   4.716107  
12.250000   0.351619   4.668015  
12.262500   0.350261   4.620375  
12.275000   0.349011   4.573186  
12.287500   0.347866   4.526446  
12.300000   0.346825   4.480156  
12.312500   0.345887   4.434313  
12.325000   0.345048   4.388916  
12.337500   0.344308   4.343964  
12.350000   0.343664   4.299456  
12.362500   0.343117   4.255389  
12.375000   0.342663   4.211762  
12.387500   0.342303   4.168573  
12.400000   0.342034   4.125820  
12.412500   0.341855   4.083501  
12.425000   0.341766   4.041613  
12.437500   0.341766   4.000156  
12.450000   0.341853   3.959126  
12.462500   0.342027   3.918520  
12.475000   0.342288   3.878338  
12.487500   0.342633   3.838576  
12.500000   0.343064   3.799232  
12.512500   0.343578   3.760303  
12.525000   0.344177   3.721786  
12.537500   0.344859   3.683680  
12.550000   0.345623   3.645981  
12.562500   0.346471   3.608686  
12.575000   0.347401   3.571794  
12.587500   0.348412   3.535301  
12.600000   0.349506   3.499205  
12.612500   0.350682   3.463502  
12.625000   0.351940   3.428191  
12.637500   0.353280   3.393267  
12.650000   0.354701   3.358729  
12.662500   0.356205   3.324573  
12.675000   0.357791   3.290797  
12.687500   0.359459   3.257397  
12.700000   0.361210   3.224372  
12.712500   0.363044   3.191718  
12.725000   0.364962   3.159431  
12.737500   0.366963   3.127510  
12.750000   0.369048   3.095952  
12.762500   0.371218   3.064753  
12.775000   0.373473   3.033911  
12.787500   0.375814   3.003423  
12.800000   0.378241   2.973285  
12.812500   0.380755   2.943496  
12.825000   0.383357   2.914053  
12.837500   0.386047   2.884952  
12.850000   0.388827   2.856190  
12.862500   0.391697   2.827766  
12.875000   0.394657   2.799676  
12.887500   0.397710   2.771917  
12.900000   0.400856   2.744486  
12.912500   0.404095   2.717382  
12.925000   0.407429   2.690601  
12.937500   0.410859   2.664140  
12.950000   0.414387   2.637998  
12.962500   0.418013   2.612170  
12.975000   0.421738   2.586655  
12.987500   0.425564   2.561450  
13.000000   0.429493   2.536552  
13.012500   0.433525   2.511958  
13.025000   0.437661   2.487667  
13.037500   0.441905   2.463676  
13.050000   0.446256   2.439981  
13.062500   0.450716   2.416582  
13.075000   0.455288   2.393474  
13.087500   0.459972   2.370656  
13.100000   0.464770   2.348125  
13.112500   0.469684   2.325879  
13.125000   0.474717   2.303916  
13.137500   0.479869   2.282233  
13.150000   0.485142   2.260828  
13.162500   0.490539   2.239698  
13.175000   0.496061   2.218842  
13.187500   0.501711   2.198257  
13.200000   0.507490   2.177940  
13.212500   0.513401   2.157891  
13.225000   0.519446   2.138106  
13.237500   0.525626   2.118584  
13.250000   0.531945   2.099322  
13.262500   0.538405   2.080318  
13.275000   0.545008   2.061571  
13.287500   0.551757   2.043078  
13.300000   0.558653   2.024837  
13.312500   0.565700   2.006847  
13.325000   0.572900   1.989105  
13.337500   0.580256   1.971611  
13.350000   0.587771   1.954361  
13.362500   0.595448   1.937354  
13.375000   0.603288   1.920588  
13.387500   0.611296   1.904062  
13.400000   0.619474   1.887774  
13.412500   0.627825   1.871721  
13.425000   0.636352   1.855904  
13.437500   0.645059   1.840319  
13.450000   0.653949   1.824966  
13.462500   0.663025   1.809843  
13.475000   0.672290   1.794948  
13.487500   0.681748   1.780280  
13.500000   0.691403   1.765838  
13.512500   0.701257   1.751620  
13.525000   0.711315   1.737625  
13.537500   0.721580   1.723851  
13.550000   0.732056   1.710298  
13.562500   0.742747   1.696963  
13.575000   0.753657   1.683846  
13.587500   0.764790   1.670947  
13.600000   0.776150   1.658263  
13.612500   0.787740   1.645793  
13.625000   0.799566   1.633537  
13.637500   0.811632   1.621494  
13.650000   0.823941   1.609662  
13.662500   0.836499   1.598041  
13.675000   0.849309   1.586631  
13.687500   0.862377   1.575429  
13.700000   0.875708   1.564436  
13.712500   0.889305   1.553651  
13.725000   0.903174   1.543073  
13.737500   0.917319   1.532701  
13.750000   0.931747   1.522536  
13.762500   0.946461   1.512576  
13.775000   0.961467   1.502822  
13.787500   0.976770   1.493272  
13.800000   0.992375   1.483927  
13.812500   1.008289   1.474786  
13.825000   1.024516   1.465849  
13.837500   1.041061   1.457116  
13.850000   1.057931   1.448587  
13.862500   1.075132   1.440261  
13.875000   1.092668   1.432140  
13.887500   1.110546   1.424222  
13.900000   1.128772   1.416509  
13.912500   1.147352   1.409001  
13.925000   1.166292   1.401697  
13.937500   1.185598   1.394598  
13.950000   1.205276   1.387706  
13.962500   1.225333   1.381019  
13.975000   1.245776   1.374540  
13.987500   1.266609   1.368268  
14.000000   1.287841   1.362205  
14.012500   1.309477   1.356351  
14.025000   1.331525   1.350708  
14.037500   1.353990   1.345276  
14.050000   1.376880   1.340057  
14.062500   1.400202   1.335053  
14.075000   1.423962   1.330263  
14.087500   1.448167   1.325691  
14.100000   1.472825   1.321338  
14.112500   1.497941   1.317204  
14.125000   1.523524   1.313293  
14.137500   1.549580   1.309607  
14.150000   1.576117   1.306146  
14.162500   1.603140   1.302915  
14.175000   1.630659   1.299914  
14.187500   1.658679   1.297147  
14.200000   1.687207   1.294616  
14.212500   1.716251   1.292324  
14.225000   1.745818   1.290274  
14.237500   1.775914   1.288470  
14.250000   1.806548   1.286914  
14.262500   1.837724   1.285610  
14.275000   1.869452   1.284562  
14.287500   1.901737   1.283773  
14.300000   1.934585   1.283249  
14.312500   1.968004   1.282992  
14.325000   2.002001   1.283008  
14.337500   2.036581   1.283302  
14.350000   2.071750   1.283877  
14.362500   2.107516   1.284741  
14.375000   2.143883   1.285897  
14.387500   2.180857   1.287352  
14.400000   2.218444   1.289112  
14.412500   2.256650   1.291183  
14.425000   2.295478   1.293572  
14.437500   2.334934   1.296286  
14.450000   2.375023   1.299331  
14.462500   2.415747   1.302716  
14.475000   2.457112   1.306449  
14.487500   2.499120   1.310537  
14.500000   2.541775   1.314990  
14.512500   2.585078   1.319816  
14.525000   2.629031   1.325025  
14.537500   2.673637   1.330627  
14.550000   2.718896   1.336633  
14.562500   2.764808   1.343053  
14.575000   2.811373   1.349898  
14.587500   2.858590   1.357181  
14.600000   2.906458   1.364914  
14.612500   2.954973   1.373110  
14.625000   3.004132   1.381781  
14.637500   3.053931   1.390944  
14.650000   3.104365   1.400611  
14.662500   3.155428   1.410799  
14.675000   3.207112   1.421524  
14.687500   3.259409   1.432802  
14.700000   3.312310   1.444651  
14.712500   3.365803   1.457089  
14.725000   3.419877   1.470135  
14.737500   3.474518   1.483809  
14.750000   3.529711   1.498133  
14.762500   3.585439   1.513126  
14.775000   3.641685   1.528813  
14.787500   3.698428   1.545215  
14.800000   3.755646   1.562359  
14.812500   3.813316   1.580268  
14.825000   3.871412   1.598970  
14.837500   3.929907   1.618492  
14.850000   3.988769   1.638863  
14.862500   4.047968   1.660112  
14.875000   4.107468   1.682271  
14.887500   4.167232   1.705370  
14.900000   4.227221   1.729444  
14.912500   4.287391   1.754527  
14.925000   4.347697   1.780655  
14.937500   4.408092   1.807865  
14.950000   4.468523   1.836194  
14.962500   4.528937   1.865683  
14.975000   4.589275   1.896372  
14.987500   4.649477   1.928303  
15.000000   4.709478   1.961520  
